0 2035
1 568
2 355
3 435
4 499
5 1712
6 249
7 253
8 190
9 644
10 313
11 340
12 561
13 244
14 544
15 449
16 557
17 202
18 203
19 198
20 261
21 617
22 200
23 258
24 245
25 237
26 214
27 215
28 216
29 216
30 200
31 272
32 276
33 235
34 272
35 286
36 250
37 237
38 278
39 275
40 237
41 254
42 284
43 218
44 238
45 283
46 295
47 260
48 213
49 238
50 193
51 224
52 238
53 226
54 224
55 217
56 218
57 219
58 219
59 220
60 217
61 218
62 218
63 218
64 216
65 221
66 250
67 253
68 125
69 195
70 199
71 197
72 161
73 163
74 171
75 255
76 559
77 266
78 202
79 232
80 263
81 244
82 240
83 225
84 190
85 228
86 226
87 226
88 235
89 212
90 205
91 252
92 550
93 253
94 210
95 244
96 254
97 225
98 241
99 188
100 190
101 223
102 211
103 260
104 461
105 207
106 210
107 239
108 222
109 261
110 258
111 261
112 262
113 263
114 264
115 261
116 321
117 245
118 274
119 243
120 275
121 244
122 541
123 147
124 299
125 201
126 246
127 269
128 179
129 177
130 238
131 227
132 221
133 223
134 224
135 219
136 223
137 206
138 192
139 203
140 202
141 239
142 248
143 204
144 232
145 227
146 228
147 228
148 186
149 187
150 206
151 245
152 209
153 210
154 248
155 179
156 220
157 220
158 220
159 220
160 219
161 220
162 220
163 219
164 219
165 219
166 219
167 219
168 246
169 221
170 200
171 230
172 237
173 213
174 199
175 630
176 211
177 272
178 213
179 231
180 188
181 227
182 272
183 271
184 236
185 200
186 196
187 240
188 229
189 209
190 190
191 216
192 223
193 559
194 222
195 212
196 219
197 166
198 50
199 47
