0 1866
1 656
2 540
3 531
4 466
5 477
6 585
7 305
8 215
9 355
10 382
11 379
12 380
13 371
14 254
15 257
16 254
17 254
18 253
19 253
20 253
21 456
22 369
23 373
24 382
25 361
26 373
27 374
28 376
29 377
30 378
31 338
32 256
33 286
34 230
35 258
36 258
37 260
38 260
39 261
40 261
41 262
42 263
43 263
44 266
45 263
46 264
47 264
48 264
49 264
50 264
51 263
52 264
53 263
54 263
55 262
56 320
57 263
58 265
59 261
60 257
61 256
62 256
63 257
64 254
65 254
66 252
67 254
68 255
69 249
70 250
71 249
72 246
73 246
74 245
75 243
76 465
77 376
78 378
79 374
80 375
81 375
82 376
83 374
84 374
85 376
86 337
87 246
88 373
89 378
90 388
91 344
92 463
93 368
94 366
95 362
96 362
97 368
98 380
99 381
100 382
101 382
102 384
103 380
104 441
105 378
106 377
107 374
108 373
109 375
110 381
111 351
112 255
113 256
114 257
115 253
116 251
117 252
118 303
119 310
120 312
121 320
122 529
123 365
124 248
125 302
126 248
127 250
128 310
129 324
130 321
131 381
132 385
133 259
134 258
135 257
136 258
137 257
138 257
139 257
140 257
141 252
142 250
143 251
144 250
145 309
146 379
147 379
148 379
149 381
150 436
151 376
152 376
153 377
154 376
155 375
156 375
157 377
158 393
159 375
160 372
161 370
162 369
163 369
164 367
165 365
166 368
167 364
168 363
169 362
170 359
171 361
172 359
173 359
174 361
175 410
176 251
177 251
178 284
179 281
180 261
181 254
182 253
183 252
184 252
185 253
186 249
187 248
188 247
189 247
190 247
191 246
192 242
193 503
194 247
195 255
196 352
197 240
198 50
199 47
