 1463650440    0,00
 1463650441    0,00
 1463650442    0,00
 1463650443    0,00
 1463650444    0,00
 1463650445    0,00
 1463650446   10,00
 1463650447  100,00
 1463650448  100,00
 1463650449  100,00
 1463650450  101,00
 1463650451   99,00
 1463650452  100,00
 1463650453  100,00
 1463650454  101,00
 1463650455  100,00
 1463650456  100,00
 1463650457  101,00
 1463650458   99,00
 1463650459  100,00
 1463650460  101,00
 1463650461  100,00
 1463650462   99,00
 1463650463  100,00
 1463650464  100,00
 1463650465  101,00
 1463650466  100,00
 1463650467  100,00
 1463650468  100,00
 1463650469  100,00
 1463650470  100,00
 1463650471  100,00
 1463650472  101,00
 1463650473  100,00
 1463650474  100,00
 1463650475  100,00
 1463650476  100,00
 1463650477  100,00
 1463650478  100,00
 1463650479  100,00
 1463650480  101,00
 1463650481  100,00
 1463650482  100,00
 1463650483  100,00
 1463650484  100,00
 1463650485  100,00
 1463650486  100,00
 1463650487  100,00
 1463650488  101,00
 1463650489  100,00
 1463650490  100,00
 1463650491  100,00
 1463650492  100,00
 1463650493  100,00
 1463650494  100,00
 1463650495  100,00
 1463650496  100,00
 1463650497  100,00
 1463650498  100,00
 1463650499  101,00
 1463650500  100,00
 1463650501  100,00
 1463650502  100,00
 1463650503  100,00
 1463650504  100,00
 1463650505  100,00
 1463650506  100,00
 1463650507  100,00
 1463650508  100,00
 1463650509  100,00
 1463650510  100,00
 1463650511  100,00
 1463650512  100,00
 1463650513  101,00
 1463650514  100,00
 1463650515  100,00
 1463650516  100,00
 1463650517  101,00
 1463650518  100,00
 1463650519  100,00
 1463650520  100,00
 1463650521  100,00
 1463650522  100,00
 1463650523  100,00
 1463650524  100,00
 1463650525  100,00
 1463650526  100,00
 1463650527  100,00
 1463650528  100,00
 1463650529  100,00
 1463650530  100,00
 1463650531  100,00
 1463650532  101,00
 1463650533  100,00
 1463650534  100,00
 1463650535  100,00
 1463650536  101,00
 1463650537  100,00
 1463650538  100,00
 1463650539  100,00
 1463650540  100,00
 1463650541  100,00
 1463650542  100,00
 1463650543  101,00
 1463650544   99,00
 1463650545  100,00
 1463650546  100,00
 1463650547  101,00
 1463650548  100,00
 1463650549   99,00
 1463650550  101,00
 1463650551  101,00
 1463650552   99,00
 1463650553  100,00
 1463650554  100,00
 1463650555  100,00
 1463650556  101,00
 1463650557  100,00
 1463650558  100,00
 1463650559  100,00
 1463650560  100,00
 1463650561  100,00
 1463650562  100,00
 1463650563  100,00
 1463650564  100,00
 1463650565  101,00
 1463650566  100,00
 1463650567  100,00
 1463650568  100,00
 1463650569  100,00
 1463650570  100,00
 1463650571  100,00
 1463650572  100,00
 1463650573  101,00
 1463650574  100,00
 1463650575  100,00
 1463650576  100,00
 1463650577  100,00
 1463650578  100,00
 1463650579  100,00
 1463650580  100,00
 1463650581  101,00
 1463650582  100,00
 1463650583  100,00
 1463650584  100,00
 1463650585  100,00
 1463650586  100,00
 1463650587  100,00
 1463650588  101,00
 1463650589  100,00
 1463650590  100,00
 1463650591  100,00
 1463650592  100,00
 1463650593  100,00
 1463650594  100,00
 1463650595  100,00
 1463650596  100,00
 1463650597  100,00
 1463650598  100,00
 1463650599  100,00
 1463650600  100,00
 1463650601  100,00
 1463650602  100,00
 1463650603  100,00
 1463650604  100,00
 1463650605  100,00
 1463650606  100,00
 1463650607  100,00
 1463650608  100,00
 1463650609  101,00
 1463650610  100,00
 1463650611  101,00
 1463650612  100,00
 1463650613  100,00
 1463650614  100,00
