0 2394
1 828
2 828
3 829
4 831
5 834
6 832
7 833
8 834
9 833
10 835
11 836
12 838
13 837
14 838
15 840
16 838
17 839
18 842
19 843
20 841
21 838
22 840
23 842
24 842
25 845
26 847
27 846
28 848
29 850
30 849
31 849
32 850
33 853
34 853
35 866
36 859
37 860
38 853
39 854
40 857
41 856
42 855
43 857
44 855
45 856
46 855
47 857
48 855
49 856
50 857
51 855
52 855
53 855
54 857
55 854
56 854
57 856
58 853
59 853
60 852
61 854
62 851
63 850
64 851
65 850
66 848
67 847
68 849
69 845
70 845
71 844
72 845
73 840
74 838
75 845
76 855
77 845
78 840
79 840
80 836
81 835
82 836
83 835
84 833
85 833
86 833
87 830
88 829
89 830
90 828
91 826
92 829
93 829
94 829
95 828
96 827
97 830
98 828
99 828
100 829
101 828
102 828
103 829
104 836
105 832
106 834
107 835
108 838
109 836
110 837
111 839
112 843
113 841
114 841
115 853
116 844
117 843
118 852
119 846
120 847
121 850
122 847
123 843
124 850
125 850
126 849
127 850
128 850
129 852
130 854
131 851
132 853
133 852
134 853
135 854
136 855
137 853
138 862
139 856
140 854
141 857
142 859
143 858
144 856
145 857
146 859
147 857
148 858
149 858
150 859
151 857
152 857
153 861
154 866
155 857
156 855
157 857
158 854
159 859
160 857
161 854
162 853
163 852
164 853
165 850
166 849
167 859
168 848
169 850
170 845
171 850
172 843
173 843
174 841
175 851
176 847
177 845
178 846
179 843
180 841
181 841
182 841
183 839
184 838
185 837
186 834
187 834
188 832
189 833
190 832
191 830
192 832
193 839
194 829
195 830
196 831
197 829
198 50
199 47
